survey,year,species,sizebin,inpN,Blue_whiting,Capelin,Green_halibut,Haddock,Long_rough_dab,Mackerel,North_atl_cod,Norwegian_ssh,Polar_cod,Redfish,Saithe,allotherprey
BTS_fall_allbox_effic1,1,Blue_whiting,sizebin2,10000000,NA,0.02603601074746069,NA,NA,NA,NA,NA,5.019572799255176e-7,NA,0.0388904543067548,NA,0.9350730329885046
BTS_fall_allbox_effic1,1,Blue_whiting,sizebin3,10000000,NA,0.031320776495020554,NA,NA,NA,NA,NA,2.9069480707696013e-5,NA,0.0480685695322764,NA,0.9205815844919953
BTS_fall_allbox_effic1,1,Blue_whiting,sizebin4,10000000,NA,0.032569636891086745,NA,NA,NA,NA,NA,8.795905175073086e-5,NA,0.051540538322607514,NA,0.915801865734555
BTS_fall_allbox_effic1,1,Blue_whiting,sizebin5,10000000,NA,0.032842441723775546,NA,NA,NA,NA,NA,2.3553155265416457e-4,NA,0.053473049661287644,NA,0.9134489770622827
BTS_fall_allbox_effic1,2,Blue_whiting,sizebin2,10000000,NA,0.0012321463161101933,NA,NA,NA,NA,NA,3.036647815021246e-6,NA,5.3524254930084635e-5,NA,0.9987112927811447
BTS_fall_allbox_effic1,2,Blue_whiting,sizebin3,10000000,NA,0.019580698035298074,NA,NA,NA,NA,NA,4.747818787351062e-5,NA,0.004915646652078233,NA,0.9754561771247502
BTS_fall_allbox_effic1,2,Blue_whiting,sizebin4,10000000,NA,0.03627211314696331,NA,NA,NA,NA,NA,8.76744213291881e-5,NA,0.016554840812870578,NA,0.9470853716188369
BTS_fall_allbox_effic1,2,Blue_whiting,sizebin5,10000000,NA,0.03738534053130309,NA,NA,NA,NA,NA,8.955530042667825e-5,NA,0.032361552519537,NA,0.9301635516487332
BTS_fall_allbox_effic1,3,Blue_whiting,sizebin2,10000000,NA,2.2744477213726134e-4,NA,NA,NA,NA,NA,1.4928820867752094e-6,NA,7.395905804770121e-5,NA,0.9996971032877283
BTS_fall_allbox_effic1,3,Blue_whiting,sizebin3,10000000,NA,0.013310035194558473,NA,NA,NA,NA,NA,7.578147046713022e-5,NA,0.006405659741497628,NA,0.9802085235934768
BTS_fall_allbox_effic1,3,Blue_whiting,sizebin4,10000000,NA,0.022637116130431473,NA,NA,NA,NA,NA,1.275145451972601e-4,NA,0.010490659119834607,NA,0.9667447102045367
BTS_fall_allbox_effic1,3,Blue_whiting,sizebin5,10000000,NA,0.02380965170489007,NA,NA,NA,NA,NA,1.3232597170607046e-4,NA,0.009470667250098973,NA,0.9665873550733048
BTS_fall_allbox_effic1,4,Blue_whiting,sizebin2,10000000,NA,4.543856842462252e-5,NA,NA,NA,NA,NA,1.3036582429383086e-6,NA,1.705517996351296e-4,NA,0.9997827059736973
BTS_fall_allbox_effic1,4,Blue_whiting,sizebin3,10000000,NA,0.006220974496987103,NA,NA,NA,NA,NA,1.1155076700634712e-4,NA,0.02106506083854935,NA,0.9726024138974572
BTS_fall_allbox_effic1,4,Blue_whiting,sizebin4,10000000,NA,0.009575735875994088,NA,NA,NA,NA,NA,1.6922772050467988e-4,NA,0.03128228558041496,NA,0.9589727508230863
BTS_fall_allbox_effic1,4,Blue_whiting,sizebin5,10000000,NA,0.009952566746930926,NA,NA,NA,NA,NA,1.734491735856511e-4,NA,0.03119567136113711,NA,0.9586783127183464
BTS_fall_allbox_effic1,5,Blue_whiting,sizebin3,10000000,NA,0.003710142248305259,NA,NA,NA,NA,NA,1.0740695032059414e-4,NA,0.019299962947182274,NA,0.97688248785419185
BTS_fall_allbox_effic1,5,Blue_whiting,sizebin4,10000000,NA,0.005892541521968732,NA,NA,NA,NA,NA,1.6862968857228868e-4,NA,0.029956148829946724,NA,0.9639826799595123
BTS_fall_allbox_effic1,5,Blue_whiting,sizebin5,10000000,NA,0.006057617939329552,NA,NA,NA,NA,NA,1.7140775615158334e-4,NA,0.03009783061756124,NA,0.9636731436869577
BTS_fall_allbox_effic1,6,Blue_whiting,sizebin3,10000000,NA,0.0031768484428848823,NA,NA,NA,NA,NA,1.167889059279659e-4,NA,0.01712912622539786,NA,0.9795772364257893
BTS_fall_allbox_effic1,6,Blue_whiting,sizebin4,10000000,NA,0.005000498386953793,NA,NA,NA,NA,NA,1.833180067821845e-4,NA,0.02689537460934507,NA,0.9679208089969189
BTS_fall_allbox_effic1,6,Blue_whiting,sizebin5,10000000,NA,0.005060305400176772,NA,NA,NA,NA,NA,1.8507851674726543e-4,NA,0.027203630570018705,NA,0.9675509855130573
BTS_fall_allbox_effic1,7,Blue_whiting,sizebin3,10000000,NA,0.0023768775362912483,NA,NA,NA,NA,NA,8.807884898266072e-5,NA,0.014421119574686886,NA,0.9831139240400392
BTS_fall_allbox_effic1,7,Blue_whiting,sizebin4,10000000,NA,0.0037042644656335223,NA,NA,NA,NA,NA,1.3809803840092062e-4,NA,0.0228051419664529,NA,0.9733524955295126
BTS_fall_allbox_effic1,7,Blue_whiting,sizebin5,10000000,NA,0.003700361619451994,NA,NA,NA,NA,NA,1.3899146063012837e-4,NA,0.02322062697390049,NA,0.9729400199460174
BTS_fall_allbox_effic1,8,Blue_whiting,sizebin3,10000000,NA,0.003834984636570274,NA,NA,NA,NA,NA,9.774222399824251e-5,NA,0.013771396638217128,NA,0.9822958765012143
BTS_fall_allbox_effic1,8,Blue_whiting,sizebin4,10000000,NA,0.005892582699420672,NA,NA,NA,NA,NA,1.5235802977809734e-4,NA,0.021547139030486426,NA,0.9724079202403149
BTS_fall_allbox_effic1,8,Blue_whiting,sizebin5,10000000,NA,0.005864256650755605,NA,NA,NA,NA,NA,1.5408127370141608e-4,NA,0.02190517419853494,NA,0.9720764878770081
BTS_fall_allbox_effic1,9,Blue_whiting,sizebin3,10000000,NA,0.004304044927201567,NA,NA,NA,NA,NA,1.024620509971376e-4,NA,0.012986041157880763,NA,0.9826074518639205
BTS_fall_allbox_effic1,9,Blue_whiting,sizebin4,10000000,NA,0.0064419254276016314,NA,NA,NA,NA,NA,1.5571176791709772e-4,NA,0.019907511354756522,NA,0.9734948514497247
BTS_fall_allbox_effic1,9,Blue_whiting,sizebin5,10000000,NA,0.006381880649797001,NA,NA,NA,NA,NA,1.5686855103151854e-4,NA,0.020249514004573758,NA,0.9732117367945977
BTS_fall_allbox_effic1,10,Blue_whiting,sizebin3,10000000,NA,0.002895505141697316,NA,NA,NA,NA,NA,1.2964294864493741e-4,NA,0.011233332283579351,NA,0.9857415196260784
BTS_fall_allbox_effic1,10,Blue_whiting,sizebin4,10000000,NA,0.0042421292733094505,NA,NA,NA,NA,NA,1.9361228775812106e-4,NA,0.01695006981878706,NA,0.9786141886201454
BTS_fall_allbox_effic1,10,Blue_whiting,sizebin5,10000000,NA,0.004182065997790749,NA,NA,NA,NA,NA,1.9468688661846174e-4,NA,0.017230625903872736,NA,0.9783926212117181
BTS_fall_allbox_effic1,11,Blue_whiting,sizebin3,10000000,NA,0.004344646751662276,NA,NA,NA,NA,NA,1.4583733062972974e-4,NA,0.011926734425203837,NA,0.9835827814925041
BTS_fall_allbox_effic1,11,Blue_whiting,sizebin4,10000000,NA,0.006406875659748771,NA,NA,NA,NA,NA,2.2086168700148116e-4,NA,0.01820291117914239,NA,0.9751693514741073
BTS_fall_allbox_effic1,11,Blue_whiting,sizebin5,10000000,NA,0.006315560169281381,NA,NA,NA,NA,NA,2.23416048474103e-4,NA,0.018550121024192193,NA,0.9749109027580524
BTS_fall_allbox_effic1,12,Blue_whiting,sizebin3,10000000,NA,0.0031048586374042854,NA,NA,NA,NA,NA,1.5938737676298153e-4,NA,0.012432758435793502,NA,0.9843029955500392
BTS_fall_allbox_effic1,12,Blue_whiting,sizebin4,10000000,NA,0.004623234790954666,NA,NA,NA,NA,NA,2.449938686504408e-4,NA,0.019256504856731464,NA,0.9758752664836634
BTS_fall_allbox_effic1,12,Blue_whiting,sizebin5,10000000,NA,0.004547635843073931,NA,NA,NA,NA,NA,2.4834021132942585e-4,NA,0.019684901710087518,NA,0.9755191222355091
BTS_fall_allbox_effic1,13,Blue_whiting,sizebin3,10000000,NA,0.004470861084063665,NA,NA,NA,NA,NA,2.0522424744794194e-4,NA,0.012376238822857301,NA,0.9829476758456311
BTS_fall_allbox_effic1,13,Blue_whiting,sizebin4,10000000,NA,0.006476344088731181,NA,NA,NA,NA,NA,3.100094115913523e-4,NA,0.018733010291325895,NA,0.9744806362083516
BTS_fall_allbox_effic1,13,Blue_whiting,sizebin5,10000000,NA,0.006358089034679063,NA,NA,NA,NA,NA,3.1701060663195723e-4,NA,0.01920508254408956,NA,0.9741198178145994
BTS_fall_allbox_effic1,14,Blue_whiting,sizebin3,10000000,NA,0.00585381092203889,NA,NA,NA,NA,NA,1.6026681900358058e-4,NA,0.014502639836037013,NA,0.9794832824229205
BTS_fall_allbox_effic1,14,Blue_whiting,sizebin4,10000000,NA,0.008330936942836802,NA,NA,NA,NA,NA,2.3841909894900225e-4,NA,0.021579083024550902,NA,0.9698515609336633
BTS_fall_allbox_effic1,14,Blue_whiting,sizebin5,10000000,NA,0.008183424564460137,NA,NA,NA,NA,NA,2.4498718145660864e-4,NA,0.02216532131327068,NA,0.9694062669408126
BTS_fall_allbox_effic1,15,Blue_whiting,sizebin3,10000000,NA,0.003947745235298703,NA,NA,NA,NA,NA,1.266144552394476e-4,NA,0.01628666311791049,NA,0.9796389771915514
BTS_fall_allbox_effic1,15,Blue_whiting,sizebin4,10000000,NA,0.005475171600480749,NA,NA,NA,NA,NA,1.8262638444365722e-4,NA,0.023634221824897807,NA,0.9707079801901778
BTS_fall_allbox_effic1,15,Blue_whiting,sizebin5,10000000,NA,0.005376830327329897,NA,NA,NA,NA,NA,1.8638023477771334e-4,NA,0.02427683655364406,NA,0.9701599528842483
BTS_fall_allbox_effic1,16,Blue_whiting,sizebin3,10000000,NA,0.004321984707836257,NA,NA,NA,NA,NA,1.1902756412192086e-4,NA,0.016447212251061657,NA,0.9791117754769801
BTS_fall_allbox_effic1,16,Blue_whiting,sizebin4,10000000,NA,0.006221911395224896,NA,NA,NA,NA,NA,1.7777183637888565e-4,NA,0.02473141094622352,NA,0.9688689058221727
BTS_fall_allbox_effic1,16,Blue_whiting,sizebin5,10000000,NA,0.006117308057788881,NA,NA,NA,NA,NA,1.8113528018236534e-4,NA,0.025398657626977007,NA,0.9683028990350517
BTS_fall_allbox_effic1,17,Blue_whiting,sizebin2,10000000,NA,NA,NA,NA,NA,NA,NA,5.051216504299804e-7,NA,NA,NA,0.9999994948783496
BTS_fall_allbox_effic1,17,Blue_whiting,sizebin3,10000000,NA,0.005464818135644477,NA,NA,NA,NA,NA,1.3232403101842772e-4,NA,0.017007516723876494,NA,0.9773953411094606
BTS_fall_allbox_effic1,17,Blue_whiting,sizebin4,10000000,NA,0.00810083292204499,NA,NA,NA,NA,NA,2.0431456627015808e-4,NA,0.026343587066946,NA,0.9653512654447388
BTS_fall_allbox_effic1,17,Blue_whiting,sizebin5,10000000,NA,0.0079705280103686,NA,NA,NA,NA,NA,2.0992338612053506e-4,NA,0.027071796569527944,NA,0.9647477520339829
BTS_fall_allbox_effic1,18,Blue_whiting,sizebin3,10000000,NA,0.0039498327795399225,NA,NA,NA,NA,NA,1.6312028699667753e-4,NA,0.01494579951301692,NA,0.9809412474204465
BTS_fall_allbox_effic1,18,Blue_whiting,sizebin4,10000000,NA,0.00602831662375904,NA,NA,NA,NA,NA,2.598728459234764e-4,NA,0.023874633858683852,NA,0.9698371766716336
BTS_fall_allbox_effic1,18,Blue_whiting,sizebin5,10000000,NA,0.00592905905140239,NA,NA,NA,NA,NA,2.66746514459734e-4,NA,0.024592335264932087,NA,0.9692118591692058
BTS_fall_allbox_effic1,19,Blue_whiting,sizebin3,10000000,NA,0.004835196434315041,NA,NA,NA,NA,NA,1.5287752205368283e-4,NA,0.01633863061687674,NA,0.9786732954267545
BTS_fall_allbox_effic1,19,Blue_whiting,sizebin4,10000000,NA,0.007492492135805919,NA,NA,NA,NA,NA,2.4768999298583407e-4,NA,0.02641319725056743,NA,0.9658466206206409
BTS_fall_allbox_effic1,19,Blue_whiting,sizebin5,10000000,NA,0.007376687741309359,NA,NA,NA,NA,NA,2.559184548976106e-4,NA,0.027224209771504318,NA,0.9651431840322887
BTS_fall_allbox_effic1,20,Blue_whiting,sizebin2,10000000,NA,NA,NA,NA,NA,NA,NA,1.0987509365105676e-6,NA,NA,NA,0.9999989012490635
BTS_fall_allbox_effic1,20,Blue_whiting,sizebin3,10000000,NA,0.005401480529552102,NA,NA,NA,NA,NA,1.4194430512547298e-4,NA,0.014983914878347958,NA,0.9794726602869744
BTS_fall_allbox_effic1,20,Blue_whiting,sizebin4,10000000,NA,0.008631104585255367,NA,NA,NA,NA,NA,2.3331413744102954e-4,NA,0.024919854365869607,NA,0.966215726911434
BTS_fall_allbox_effic1,20,Blue_whiting,sizebin5,10000000,NA,0.008486449890970952,NA,NA,NA,NA,NA,2.3776739044621437e-4,NA,0.025675530221486564,NA,0.9656002524970962
BTS_fall_allbox_effic1,21,Blue_whiting,sizebin3,10000000,NA,0.005420494591198604,NA,NA,NA,NA,NA,1.7364212132528194e-4,NA,0.014680407067678234,NA,0.9797254562197979
BTS_fall_allbox_effic1,21,Blue_whiting,sizebin4,10000000,NA,0.00883443186453587,NA,NA,NA,NA,NA,2.938235468377022e-4,NA,0.024897036626023588,NA,0.9659747079626029
BTS_fall_allbox_effic1,21,Blue_whiting,sizebin5,10000000,NA,0.00868922267600884,NA,NA,NA,NA,NA,3.0210661545796634e-4,NA,0.025663007197488062,NA,0.9653456635110451
BTS_fall_allbox_effic1,22,Blue_whiting,sizebin3,10000000,NA,0.004053058256258324,NA,NA,NA,NA,NA,1.5889335307064662e-4,NA,0.013734718520005865,NA,0.9820533298706652
BTS_fall_allbox_effic1,22,Blue_whiting,sizebin4,10000000,NA,0.006758780659047214,NA,NA,NA,NA,NA,2.760447411346611e-4,NA,0.02379973763792059,NA,0.9691654369618975
BTS_fall_allbox_effic1,22,Blue_whiting,sizebin5,10000000,NA,0.006650063300825471,NA,NA,NA,NA,NA,2.8478332709233134e-4,NA,0.024494226904650616,NA,0.9685709264674316
BTS_fall_allbox_effic1,23,Blue_whiting,sizebin3,10000000,NA,0.004822565089079385,NA,NA,NA,NA,NA,1.6489311076083144e-4,NA,0.01435374803577487,NA,0.9806587937643849
BTS_fall_allbox_effic1,23,Blue_whiting,sizebin4,10000000,NA,0.008142774624914117,NA,NA,NA,NA,NA,2.8961287978743135e-4,NA,0.025237996341956247,NA,0.9663296161533422
BTS_fall_allbox_effic1,23,Blue_whiting,sizebin5,10000000,NA,0.008000110711932937,NA,NA,NA,NA,NA,2.9665942279412583e-4,NA,0.02593618139002882,NA,0.9657670484752441
BTS_fall_allbox_effic1,24,Blue_whiting,sizebin3,10000000,NA,0.0043976215677708685,NA,NA,NA,NA,NA,1.2952203772108477e-4,NA,0.013195964605671058,NA,0.982276891788837
BTS_fall_allbox_effic1,24,Blue_whiting,sizebin4,10000000,NA,0.007498967214881866,NA,NA,NA,NA,NA,2.276767032356153e-4,NA,0.02345361087828949,NA,0.968819745203593
BTS_fall_allbox_effic1,24,Blue_whiting,sizebin5,10000000,NA,0.007351314482851534,NA,NA,NA,NA,NA,2.3103157966643896e-4,NA,0.02407610477868323,NA,0.9683415491587988
BTS_fall_allbox_effic1,25,Blue_whiting,sizebin3,10000000,NA,0.003526551454719248,NA,NA,NA,NA,NA,1.2815473575130502e-4,NA,0.01179007870285654,NA,0.9845552151066729
BTS_fall_allbox_effic1,25,Blue_whiting,sizebin4,10000000,NA,0.006075212554290222,NA,NA,NA,NA,NA,2.3045126709047702e-4,NA,0.021179253310075807,NA,0.9725150828685435
BTS_fall_allbox_effic1,25,Blue_whiting,sizebin5,10000000,NA,0.005952412651372271,NA,NA,NA,NA,NA,2.3709445072958747e-4,NA,0.021762447714468457,NA,0.9720480451834297
BTS_fall_allbox_effic1,26,Blue_whiting,sizebin3,10000000,NA,0.002987773803261124,NA,NA,NA,NA,NA,1.55933492613097e-4,NA,0.013521835718033103,NA,0.9833344569860927
BTS_fall_allbox_effic1,26,Blue_whiting,sizebin4,10000000,NA,0.005542403434327243,NA,NA,NA,NA,NA,2.996435795546526e-4,NA,0.0260978584946191,NA,0.968060094491499
BTS_fall_allbox_effic1,26,Blue_whiting,sizebin5,10000000,NA,0.005430138459258664,NA,NA,NA,NA,NA,3.05034334996815e-4,NA,0.026713306743305392,NA,0.9675515204624391
BTS_fall_allbox_effic1,27,Blue_whiting,sizebin3,10000000,NA,0.0026144904669185556,NA,NA,NA,NA,NA,1.5352462739502028e-4,NA,0.011858152005267578,NA,0.9853738329004188
BTS_fall_allbox_effic1,27,Blue_whiting,sizebin4,10000000,NA,0.004837675072790648,NA,NA,NA,NA,NA,2.9793733843102243e-4,NA,0.02293244988315432,NA,0.971931937705624
BTS_fall_allbox_effic1,27,Blue_whiting,sizebin5,10000000,NA,0.0047263613279119486,NA,NA,NA,NA,NA,3.063117319915122e-4,NA,0.02351204194702227,NA,0.9714552849930743
BTS_fall_allbox_effic1,28,Blue_whiting,sizebin3,10000000,NA,0.0023457097643753166,NA,NA,NA,NA,NA,1.2596562820346778e-4,NA,0.009517219108337194,NA,0.988011105499084
BTS_fall_allbox_effic1,28,Blue_whiting,sizebin4,10000000,NA,0.004358906258536489,NA,NA,NA,NA,NA,2.4752155693091084e-4,NA,0.018501023592486707,NA,0.9768925485920459
BTS_fall_allbox_effic1,28,Blue_whiting,sizebin5,10000000,NA,0.004254081654983981,NA,NA,NA,NA,NA,2.5673825889217057e-4,NA,0.01898445959948286,NA,0.9765047204866409
BTS_fall_allbox_effic1,29,Blue_whiting,sizebin3,10000000,NA,0.0021112317156866092,NA,NA,NA,NA,NA,1.310150825842563e-4,NA,0.01115578030731746,NA,0.9866019728944116
BTS_fall_allbox_effic1,29,Blue_whiting,sizebin4,10000000,NA,0.003940160485220083,NA,NA,NA,NA,NA,2.597298969324672e-4,NA,0.021804528179254087,NA,0.9739955814385933
BTS_fall_allbox_effic1,29,Blue_whiting,sizebin5,10000000,NA,0.003841078486080735,NA,NA,NA,NA,NA,2.7005705662477955e-4,NA,0.0223600286550059,NA,0.9735288358022886
BTS_fall_allbox_effic1,30,Blue_whiting,sizebin2,10000000,NA,NA,NA,NA,NA,NA,NA,1.8384380575611739e-6,NA,NA,NA,0.9999981615619424
BTS_fall_allbox_effic1,30,Blue_whiting,sizebin3,10000000,NA,0.0018254306237324516,NA,NA,NA,NA,NA,1.1101712642078989e-4,NA,0.008590865619947277,NA,0.9894726866298995
BTS_fall_allbox_effic1,30,Blue_whiting,sizebin4,10000000,NA,0.003469879563471835,NA,NA,NA,NA,NA,2.2097468958023e-4,NA,0.017130720625965587,NA,0.9791784251209823
BTS_fall_allbox_effic1,30,Blue_whiting,sizebin5,10000000,NA,0.0033971713432567096,NA,NA,NA,NA,NA,2.286840171886824e-4,NA,0.017638724567629147,NA,0.9787354200719255
BTS_fall_allbox_effic1,31,Blue_whiting,sizebin2,10000000,NA,NA,NA,NA,NA,NA,NA,2.822882289268512e-6,NA,NA,NA,0.9999971771177107
BTS_fall_allbox_effic1,31,Blue_whiting,sizebin3,10000000,NA,0.003925698236081229,NA,NA,NA,NA,NA,1.5100260509387132e-4,NA,0.009632282916690382,NA,0.9862910162421346
BTS_fall_allbox_effic1,31,Blue_whiting,sizebin4,10000000,NA,0.007710093256848757,NA,NA,NA,NA,NA,3.137802558677646e-4,NA,0.0199401629974029,NA,0.9720359634898805
BTS_fall_allbox_effic1,31,Blue_whiting,sizebin5,10000000,NA,0.007507995085451415,NA,NA,NA,NA,NA,3.269704237283951e-4,NA,0.020515892939231423,NA,0.9716491415515888
BTS_fall_allbox_effic1,32,Blue_whiting,sizebin3,10000000,NA,0.0027054679503813145,NA,NA,NA,NA,NA,2.518483144064681e-4,NA,0.009676086662480994,NA,0.9873665970727312
BTS_fall_allbox_effic1,32,Blue_whiting,sizebin4,10000000,NA,0.0052546219169786,NA,NA,NA,NA,NA,5.862763923901409e-4,NA,0.019937521966364176,NA,0.974221579724267
BTS_fall_allbox_effic1,32,Blue_whiting,sizebin5,10000000,NA,0.005099637687495365,NA,NA,NA,NA,NA,6.881308683453695e-4,NA,0.020606771388761,NA,0.9736054600553983
BTS_fall_allbox_effic1,33,Blue_whiting,sizebin3,10000000,NA,0.0027118512549497687,NA,NA,NA,NA,NA,2.794597132034905e-4,NA,0.011217364649410666,NA,0.9857913243824361
BTS_fall_allbox_effic1,33,Blue_whiting,sizebin4,10000000,NA,0.005147066391946823,NA,NA,NA,NA,NA,6.641471375630493e-4,NA,0.022533074113476513,NA,0.9716557123570136
BTS_fall_allbox_effic1,33,Blue_whiting,sizebin5,10000000,NA,0.004989727291770607,NA,NA,NA,NA,NA,8.252633636266447e-4,NA,0.023282524918375493,NA,0.9709024844262273
BTS_fall_allbox_effic1,34,Blue_whiting,sizebin3,10000000,NA,0.003573239706419644,NA,NA,NA,NA,NA,1.5219325748161652e-4,NA,0.011192209724593862,NA,0.9850823573115048
BTS_fall_allbox_effic1,34,Blue_whiting,sizebin4,10000000,NA,0.006896508987415465,NA,NA,NA,NA,NA,3.149671195301224e-4,NA,0.022790908235430965,NA,0.9699976156576234
BTS_fall_allbox_effic1,34,Blue_whiting,sizebin5,10000000,NA,0.006692816593021356,NA,NA,NA,NA,NA,3.3151366549820816e-4,NA,0.023557231344486684,NA,0.9694184383969937
BTS_fall_allbox_effic1,35,Blue_whiting,sizebin2,10000000,NA,NA,NA,NA,NA,NA,NA,2.4858030739745254e-6,NA,NA,NA,0.9999975141969261
BTS_fall_allbox_effic1,35,Blue_whiting,sizebin3,10000000,NA,0.0035952097922375306,NA,NA,NA,NA,NA,1.1052728213774603e-4,NA,0.01171373669958787,NA,0.9845805262260369
BTS_fall_allbox_effic1,35,Blue_whiting,sizebin4,10000000,NA,0.006966193934299481,NA,NA,NA,NA,NA,2.2390921255080047e-4,NA,0.02394964551903618,NA,0.9688602513341136
BTS_fall_allbox_effic1,35,Blue_whiting,sizebin5,10000000,NA,0.006756216718672419,NA,NA,NA,NA,NA,2.3186115016551333e-4,NA,0.024711519543642646,NA,0.9683004025875194
BTS_fall_allbox_effic1,36,Blue_whiting,sizebin3,10000000,NA,0.004448485921072574,NA,NA,NA,NA,NA,1.617176895515844e-4,NA,0.010793188725689599,NA,0.9845966076636863
BTS_fall_allbox_effic1,36,Blue_whiting,sizebin4,10000000,NA,0.008141442648133218,NA,NA,NA,NA,NA,3.1168601118774304e-4,NA,0.02084958888763365,NA,0.9706972824530454
BTS_fall_allbox_effic1,36,Blue_whiting,sizebin5,10000000,NA,0.007889527560891904,NA,NA,NA,NA,NA,3.2048560660857855e-4,NA,0.021505699244047355,NA,0.9702842875884522
BTS_fall_allbox_effic1,37,Blue_whiting,sizebin3,10000000,NA,0.0033620454961975584,NA,NA,NA,NA,NA,1.3624941780081466e-4,NA,0.010425556259249426,NA,0.9860761488267522
BTS_fall_allbox_effic1,37,Blue_whiting,sizebin4,10000000,NA,0.0060909875487380775,NA,NA,NA,NA,NA,2.603288267391497e-4,NA,0.01988059513268633,NA,0.9737680884918365
BTS_fall_allbox_effic1,37,Blue_whiting,sizebin5,10000000,NA,0.005912692472758823,NA,NA,NA,NA,NA,2.6850383716460594e-4,NA,0.02045470935184946,NA,0.9733640943382271
BTS_fall_allbox_effic1,38,Blue_whiting,sizebin2,10000000,NA,NA,NA,NA,NA,NA,NA,3.7295541501416266e-6,NA,NA,NA,0.9999962704458498
BTS_fall_allbox_effic1,38,Blue_whiting,sizebin3,10000000,NA,0.004243768381939392,NA,NA,NA,NA,NA,1.2674972409666861e-4,NA,0.010515119832139676,NA,0.9851143620618242
BTS_fall_allbox_effic1,38,Blue_whiting,sizebin4,10000000,NA,0.0076726721849402196,NA,NA,NA,NA,NA,2.3853420913087838e-4,NA,0.019996971983901893,NA,0.972091821622027
BTS_fall_allbox_effic1,38,Blue_whiting,sizebin5,10000000,NA,0.00748594840090226,NA,NA,NA,NA,NA,2.4635865391280104e-4,NA,0.020602759316012728,NA,0.9716649336291722
BTS_fall_allbox_effic1,39,Blue_whiting,sizebin3,10000000,NA,0.005588021659801735,NA,NA,NA,NA,NA,1.627419066614861e-4,NA,0.012256122249302373,NA,0.9819931141842344
BTS_fall_allbox_effic1,39,Blue_whiting,sizebin4,10000000,NA,0.009887295082946057,NA,NA,NA,NA,NA,3.048493285188227e-4,NA,0.02282750541318903,NA,0.9669803501753461
BTS_fall_allbox_effic1,39,Blue_whiting,sizebin5,10000000,NA,0.009598027150334473,NA,NA,NA,NA,NA,3.132342893889093e-4,NA,0.023372522843159358,NA,0.9667162157171173
BTS_fall_allbox_effic1,40,Blue_whiting,sizebin3,10000000,NA,0.005485367252825029,NA,NA,NA,NA,NA,1.2058168573751175e-4,NA,0.011746421648429288,NA,0.9826476294130082
BTS_fall_allbox_effic1,40,Blue_whiting,sizebin4,10000000,NA,0.009709682056913999,NA,NA,NA,NA,NA,2.242926177595961e-4,NA,0.02191945843487361,NA,0.9681465668904528
BTS_fall_allbox_effic1,40,Blue_whiting,sizebin5,10000000,NA,0.009420148358225858,NA,NA,NA,NA,NA,2.2892774863732918e-4,NA,0.02247002978575059,NA,0.9678808941073862
BTS_fall_allbox_effic1,41,Blue_whiting,sizebin2,10000000,NA,NA,NA,NA,NA,NA,NA,2.23420385053376e-6,NA,NA,NA,0.9999977657961495
BTS_fall_allbox_effic1,41,Blue_whiting,sizebin3,10000000,NA,0.004916806721215728,NA,NA,NA,NA,NA,1.0594501950004529e-4,NA,0.011421072146318755,NA,0.9835561761129654
BTS_fall_allbox_effic1,41,Blue_whiting,sizebin4,10000000,NA,0.00883498125034219,NA,NA,NA,NA,NA,1.9881726118353062e-4,NA,0.02160149419585408,NA,0.9693647072926203
BTS_fall_allbox_effic1,41,Blue_whiting,sizebin5,10000000,NA,0.008582985532642733,NA,NA,NA,NA,NA,2.0379545129954585e-4,NA,0.02212614517464487,NA,0.9690870738414128
BTS_fall_allbox_effic1,42,Blue_whiting,sizebin2,10000000,NA,NA,NA,NA,NA,NA,NA,3.48005752926772e-6,NA,NA,NA,0.9999965199424707
BTS_fall_allbox_effic1,42,Blue_whiting,sizebin3,10000000,NA,0.003926836646209361,NA,NA,NA,NA,NA,1.5502266040441935e-4,NA,0.010749787186539479,NA,0.9851683535068467
BTS_fall_allbox_effic1,42,Blue_whiting,sizebin4,10000000,NA,0.006894116283674809,NA,NA,NA,NA,NA,2.836929301138383e-4,NA,0.019862987895879695,NA,0.9729592028903317
BTS_fall_allbox_effic1,42,Blue_whiting,sizebin5,10000000,NA,0.006700342760880033,NA,NA,NA,NA,NA,0.00029046347130029163,NA,0.020379542005303924,NA,0.9726296517625157
BTS_fall_allbox_effic1,43,Blue_whiting,sizebin2,10000000,NA,NA,NA,NA,NA,NA,NA,3.6517236093721474e-6,NA,NA,NA,0.9999963482763906
BTS_fall_allbox_effic1,43,Blue_whiting,sizebin3,10000000,NA,0.004230705824332189,NA,NA,NA,NA,NA,2.2241383790937055e-4,NA,0.010301380935499668,NA,0.9852454994022588
BTS_fall_allbox_effic1,43,Blue_whiting,sizebin4,10000000,NA,0.0075044422577286996,NA,NA,NA,NA,NA,4.8098730808653425e-4,NA,0.01927087271862965,NA,0.9727436977155551
BTS_fall_allbox_effic1,43,Blue_whiting,sizebin5,10000000,NA,0.007283254558872912,NA,NA,NA,NA,NA,5.800733354329733e-4,NA,0.019769859397961463,NA,0.9723668127077326
BTS_fall_allbox_effic1,44,Blue_whiting,sizebin3,10000000,NA,0.004549381298060033,NA,NA,NA,NA,NA,2.384607094329241e-4,NA,0.008324751553348423,NA,0.9868874064391586
BTS_fall_allbox_effic1,44,Blue_whiting,sizebin4,10000000,NA,0.00813984788100719,NA,NA,NA,NA,NA,5.106438473667051e-4,NA,0.015724609362504905,NA,0.9756248989091212
BTS_fall_allbox_effic1,44,Blue_whiting,sizebin5,10000000,NA,0.007914243802672916,NA,NA,NA,NA,NA,6.028454777051513e-4,NA,0.01615926233945967,NA,0.9753236483801623
BTS_fall_allbox_effic1,45,Blue_whiting,sizebin3,10000000,NA,0.002828549298195204,NA,NA,NA,NA,NA,2.0179905822753324e-4,NA,0.009885089499999597,NA,0.9870845621435776
BTS_fall_allbox_effic1,45,Blue_whiting,sizebin4,10000000,NA,0.005141761177438432,NA,NA,NA,NA,NA,4.5206105734489074e-4,NA,0.018948035492334838,NA,0.9754581422728819
BTS_fall_allbox_effic1,45,Blue_whiting,sizebin5,10000000,NA,0.005012193581499829,NA,NA,NA,NA,NA,5.490838975911371e-4,NA,0.01949453717790061,NA,0.9749441853430084
BTS_fall_allbox_effic1,46,Blue_whiting,sizebin3,10000000,NA,0.0033244244009450943,NA,NA,NA,NA,NA,1.2534371994062915e-4,NA,0.00979922793235558,NA,0.9867510039467587
BTS_fall_allbox_effic1,46,Blue_whiting,sizebin4,10000000,NA,0.006049501989040453,NA,NA,NA,NA,NA,2.4294485768716734e-4,NA,0.018866005438530162,NA,0.9748415477147422
BTS_fall_allbox_effic1,46,Blue_whiting,sizebin5,10000000,NA,0.005897399663350215,NA,NA,NA,NA,NA,2.5239468846714795e-4,NA,0.019499848927479736,NA,0.9743503567207029
BTS_fall_allbox_effic1,47,Blue_whiting,sizebin3,10000000,NA,0.005409081282655222,NA,NA,NA,NA,NA,1.2348291247783993e-4,NA,0.012787490506554372,NA,0.9816799452983126
BTS_fall_allbox_effic1,47,Blue_whiting,sizebin4,10000000,NA,0.00955079807176385,NA,NA,NA,NA,NA,2.3316755519475546e-4,NA,0.023891357137801186,NA,0.9663246772352402
BTS_fall_allbox_effic1,47,Blue_whiting,sizebin5,10000000,NA,0.009260188221727406,NA,NA,NA,NA,NA,2.4253146071933292e-4,NA,0.02459475271029162,NA,0.9659025276072617
BTS_fall_allbox_effic1,48,Blue_whiting,sizebin3,10000000,NA,0.0043234457759114275,NA,NA,NA,NA,NA,1.1988379750522245e-4,NA,0.010630076285739748,NA,0.9849265941408436
BTS_fall_allbox_effic1,48,Blue_whiting,sizebin4,10000000,NA,0.007696019587006216,NA,NA,NA,NA,NA,2.2563003112949912e-4,NA,0.020033081142201755,NA,0.9720452692396625
BTS_fall_allbox_effic1,48,Blue_whiting,sizebin5,10000000,NA,0.0074671675780122616,NA,NA,NA,NA,NA,2.3256282365486172e-4,NA,0.020625102694587366,NA,0.9716751669037456
BTS_fall_allbox_effic1,49,Blue_whiting,sizebin3,10000000,NA,0.004258411417198945,NA,NA,NA,NA,NA,9.896242762439422e-5,NA,0.010669655105647413,NA,0.9849729710495293
BTS_fall_allbox_effic1,49,Blue_whiting,sizebin4,10000000,NA,0.007725470917346598,NA,NA,NA,NA,NA,1.922116698437432e-4,NA,0.020495221946239952,NA,0.9715870954665697
BTS_fall_allbox_effic1,49,Blue_whiting,sizebin5,10000000,NA,0.007483122588874365,NA,NA,NA,NA,NA,2.001233120206432e-4,NA,0.02111074116293456,NA,0.9712060129361705
BTS_fall_allbox_effic1,50,Blue_whiting,sizebin2,10000000,NA,NA,NA,NA,NA,NA,NA,1.862527599897429e-6,NA,NA,NA,0.9999981374724001
BTS_fall_allbox_effic1,50,Blue_whiting,sizebin3,10000000,NA,0.005623911360647206,NA,NA,NA,NA,NA,9.23881699553823e-5,NA,0.00971672008405763,NA,0.9845669803853397
BTS_fall_allbox_effic1,50,Blue_whiting,sizebin4,10000000,NA,0.010347460244583238,NA,NA,NA,NA,NA,1.794333691144726e-4,NA,0.01888666216505911,NA,0.9705864442212432
BTS_fall_allbox_effic1,50,Blue_whiting,sizebin5,10000000,NA,0.010046695234357066,NA,NA,NA,NA,NA,1.8632776004000356e-4,NA,0.019447636143548205,NA,0.9703193408620547
BTS_fall_allbox_effic1,51,Blue_whiting,sizebin2,10000000,NA,NA,NA,NA,NA,NA,NA,2.491790724679762e-6,NA,NA,NA,0.9999975082092754
BTS_fall_allbox_effic1,51,Blue_whiting,sizebin3,10000000,NA,0.004827634182302065,NA,NA,NA,NA,NA,1.139216980461427e-4,NA,0.01036206469263466,NA,0.9846963794270172
BTS_fall_allbox_effic1,51,Blue_whiting,sizebin4,10000000,NA,0.009034849468966957,NA,NA,NA,NA,NA,2.2507541723627887e-4,NA,0.020539100309122354,NA,0.9702009748046744
BTS_fall_allbox_effic1,51,Blue_whiting,sizebin5,10000000,NA,0.008756515272752969,NA,NA,NA,NA,NA,2.3410041424912418e-4,NA,0.02118098954662187,NA,0.9698283947663761
BTS_fall_allbox_effic1,52,Blue_whiting,sizebin3,10000000,NA,0.005262426983829901,NA,NA,NA,NA,NA,1.9862108232301227e-4,NA,0.008953322447745113,NA,0.985585629486102
BTS_fall_allbox_effic1,52,Blue_whiting,sizebin4,10000000,NA,0.010206006300893095,NA,NA,NA,NA,NA,4.638385127099941e-4,NA,0.018344509284041164,NA,0.9709856459023557
BTS_fall_allbox_effic1,52,Blue_whiting,sizebin5,10000000,NA,0.009923425299686282,NA,NA,NA,NA,NA,5.530055906562347e-4,NA,0.018943441468581165,NA,0.9705801276410764
BTS_fall_allbox_effic1,53,Blue_whiting,sizebin2,10000000,NA,NA,NA,NA,NA,NA,NA,2.3031268507029935e-6,NA,NA,NA,0.9999976968731493
BTS_fall_allbox_effic1,53,Blue_whiting,sizebin3,10000000,NA,0.003353978195616436,NA,NA,NA,NA,NA,1.6072560489535477e-4,NA,0.010074216514263112,NA,0.9864110796852251
BTS_fall_allbox_effic1,53,Blue_whiting,sizebin4,10000000,NA,0.006635172567364385,NA,NA,NA,NA,NA,4.15673763068301e-4,NA,0.021032646825980116,NA,0.9719165068435872
BTS_fall_allbox_effic1,53,Blue_whiting,sizebin5,10000000,NA,0.006438728477540136,NA,NA,NA,NA,NA,5.415124838494226e-4,NA,0.021689579183796423,NA,0.9713301798548141
BTS_fall_allbox_effic1,54,Blue_whiting,sizebin2,10000000,NA,NA,NA,NA,NA,NA,NA,1.9222875268942115e-6,NA,NA,NA,0.9999980777124731
BTS_fall_allbox_effic1,54,Blue_whiting,sizebin3,10000000,NA,0.003930946332893356,NA,NA,NA,NA,NA,1.1098825633515041e-4,NA,0.01045198556398929,NA,0.9855060798467822
BTS_fall_allbox_effic1,54,Blue_whiting,sizebin4,10000000,NA,0.007553444624487495,NA,NA,NA,NA,NA,2.2724027314146054e-4,NA,0.021163104321613262,NA,0.9710562107807578
BTS_fall_allbox_effic1,54,Blue_whiting,sizebin5,10000000,NA,0.007326001978608607,NA,NA,NA,NA,NA,2.3851667030311505e-4,NA,0.021787107911258256,NA,0.97064837343983
BTS_fall_allbox_effic1,55,Blue_whiting,sizebin3,10000000,NA,0.004712865670829931,NA,NA,NA,NA,NA,1.2949582507266948e-4,NA,0.010935320672988852,NA,0.9842223178311086
BTS_fall_allbox_effic1,55,Blue_whiting,sizebin4,10000000,NA,0.008826078848417716,NA,NA,NA,NA,NA,2.9705804481079434e-4,NA,0.021544938196910068,NA,0.9693319249098614
BTS_fall_allbox_effic1,55,Blue_whiting,sizebin5,10000000,NA,0.008557444270788504,NA,NA,NA,NA,NA,3.624284193332866e-4,NA,0.022153491563867457,NA,0.9689266357460108
BTS_fall_allbox_effic1,56,Blue_whiting,sizebin2,10000000,NA,NA,NA,NA,NA,NA,NA,1.2801235194386783e-6,NA,NA,NA,0.9999987198764806
BTS_fall_allbox_effic1,56,Blue_whiting,sizebin3,10000000,NA,0.004053731626309682,NA,NA,NA,NA,NA,6.315207097063313e-5,NA,0.011793691338895882,NA,0.9840894249638238
BTS_fall_allbox_effic1,56,Blue_whiting,sizebin4,10000000,NA,0.00712375898167113,NA,NA,NA,NA,NA,1.1637101634854413e-4,NA,0.021765544312695718,NA,0.9709943256892846
BTS_fall_allbox_effic1,56,Blue_whiting,sizebin5,10000000,NA,0.006900024202752904,NA,NA,NA,NA,NA,1.2049565096064699e-4,NA,0.022319879247145805,NA,0.9706596008991406
BTS_fall_allbox_effic1,57,Blue_whiting,sizebin2,10000000,NA,NA,NA,NA,NA,NA,NA,1.792762078443653e-6,NA,NA,NA,0.9999982072379215
BTS_fall_allbox_effic1,57,Blue_whiting,sizebin3,10000000,NA,0.0031061499986438884,NA,NA,NA,NA,NA,9.56776078772794e-5,NA,0.011914857488048247,NA,0.9848833149054306
BTS_fall_allbox_effic1,57,Blue_whiting,sizebin4,10000000,NA,0.005484444190019335,NA,NA,NA,NA,NA,1.7848310429847703e-4,NA,0.022017458307531677,NA,0.9723196143981505
BTS_fall_allbox_effic1,57,Blue_whiting,sizebin5,10000000,NA,0.005343761428309179,NA,NA,NA,NA,NA,1.8593115823411864e-4,NA,0.02256965683349592,NA,0.9719006505799608
BTS_fall_allbox_effic1,58,Blue_whiting,sizebin2,10000000,NA,NA,NA,NA,NA,NA,NA,2.135783593089345e-6,NA,NA,NA,0.9999978642164069
BTS_fall_allbox_effic1,58,Blue_whiting,sizebin3,10000000,NA,0.004109541854505708,NA,NA,NA,NA,NA,1.6724549031687461e-4,NA,0.010333226088848686,NA,0.9853899865663287
BTS_fall_allbox_effic1,58,Blue_whiting,sizebin4,10000000,NA,0.007335102518816649,NA,NA,NA,NA,NA,3.584131064248859e-4,NA,0.01928856269385413,NA,0.9730179216809043
BTS_fall_allbox_effic1,58,Blue_whiting,sizebin5,10000000,NA,0.007179861712302337,NA,NA,NA,NA,NA,4.2344126142839124e-4,NA,0.019796202633860532,NA,0.9726004943924087
BTS_fall_allbox_effic1,59,Blue_whiting,sizebin3,10000000,NA,0.004865984952903062,NA,NA,NA,NA,NA,1.919103009344539e-4,NA,0.009537936214449212,NA,0.9854041685317133
BTS_fall_allbox_effic1,59,Blue_whiting,sizebin4,10000000,NA,0.00867277408802013,NA,NA,NA,NA,NA,4.212046739328035e-4,NA,0.017870656700500975,NA,0.9730353645375461
BTS_fall_allbox_effic1,59,Blue_whiting,sizebin5,10000000,NA,0.008437999661110895,NA,NA,NA,NA,NA,4.982755513287123e-4,NA,0.018265643814233186,NA,0.9727980809733272
BTS_fall_allbox_effic1,60,Blue_whiting,sizebin2,10000000,NA,NA,NA,NA,NA,NA,NA,2.075458904593929e-6,NA,NA,NA,0.9999979245410954
BTS_fall_allbox_effic1,60,Blue_whiting,sizebin3,10000000,NA,0.0036468436764577786,NA,NA,NA,NA,NA,1.3879703291706883e-4,NA,0.009889944886022524,NA,0.9863244144046026
BTS_fall_allbox_effic1,60,Blue_whiting,sizebin4,10000000,NA,0.006498868984699919,NA,NA,NA,NA,NA,2.9206694852925075e-4,NA,0.018581940214704454,NA,0.9746271238520664
BTS_fall_allbox_effic1,60,Blue_whiting,sizebin5,10000000,NA,0.006314030248294124,NA,NA,NA,NA,NA,3.511444425099027e-4,NA,0.0190263183714207,NA,0.9743085069377753
BTS_fall_allbox_effic1,61,Blue_whiting,sizebin3,10000000,NA,0.004633511087785103,NA,NA,NA,NA,NA,1.346560147129106e-4,NA,0.010674781784661103,NA,0.9845570511128409
BTS_fall_allbox_effic1,61,Blue_whiting,sizebin4,10000000,NA,0.008186470117622162,NA,NA,NA,NA,NA,2.489813592013296e-4,NA,0.019880044388984885,NA,0.9716845041341916
BTS_fall_allbox_effic1,61,Blue_whiting,sizebin5,10000000,NA,0.007958670794269717,NA,NA,NA,NA,NA,2.534106130864867e-4,NA,0.02038771028200389,NA,0.9714002083106399
BTS_fall_allbox_effic1,62,Blue_whiting,sizebin3,10000000,NA,0.004933274691593703,NA,NA,NA,NA,NA,1.310604488092015e-4,NA,0.011071975511294746,NA,0.9838636893483024
BTS_fall_allbox_effic1,62,Blue_whiting,sizebin4,10000000,NA,0.00872978914575272,NA,NA,NA,NA,NA,2.4367879490505621e-4,NA,0.020664370164027,NA,0.9703621618953152
BTS_fall_allbox_effic1,62,Blue_whiting,sizebin5,10000000,NA,0.008477057674078118,NA,NA,NA,NA,NA,2.486947042426115e-4,NA,0.021219734328763704,NA,0.9700545132929156
BTS_fall_allbox_effic1,63,Blue_whiting,sizebin3,10000000,NA,0.005411291427482957,NA,NA,NA,NA,NA,1.4197721423611135e-4,NA,0.011291486495184043,NA,0.9831552448630969
BTS_fall_allbox_effic1,63,Blue_whiting,sizebin4,10000000,NA,0.009539329708829326,NA,NA,NA,NA,NA,2.665354355501248e-4,NA,0.021057603222027602,NA,0.9691365316335929
BTS_fall_allbox_effic1,63,Blue_whiting,sizebin5,10000000,NA,0.009255285024887943,NA,NA,NA,NA,NA,2.7547997114462053e-4,NA,0.021653821572196457,NA,0.968815413431771
BTS_fall_allbox_effic1,64,Blue_whiting,sizebin3,10000000,NA,0.0037964196301708357,NA,NA,NA,NA,NA,1.2888280416895566e-4,NA,0.009781005709215087,NA,0.9862936918564451
BTS_fall_allbox_effic1,64,Blue_whiting,sizebin4,10000000,NA,0.006610188741644293,NA,NA,NA,NA,NA,0.00023756347853200456,NA,0.018038903263512807,NA,0.9751133445163109
BTS_fall_allbox_effic1,64,Blue_whiting,sizebin5,10000000,NA,0.0064279375533167205,NA,NA,NA,NA,NA,2.451581967926349e-4,NA,0.018600318544454195,NA,0.9747265857054365
BTS_fall_allbox_effic1,65,Blue_whiting,sizebin3,10000000,NA,0.0029265837027412675,NA,NA,NA,NA,NA,1.1131459038021315e-4,NA,0.010936516662455893,NA,0.9860255850444226
BTS_fall_allbox_effic1,65,Blue_whiting,sizebin4,10000000,NA,0.005092012387319834,NA,NA,NA,NA,NA,2.0479586520332074e-4,NA,0.020115433814940367,NA,0.9745877579325365
BTS_fall_allbox_effic1,65,Blue_whiting,sizebin5,10000000,NA,0.004961903860205048,NA,NA,NA,NA,NA,2.110975288397358e-4,NA,0.02077228626098116,NA,0.9740547123499741
BTS_fall_allbox_effic1,66,Blue_whiting,sizebin3,10000000,NA,0.0029005489006108426,NA,NA,NA,NA,NA,1.0387875511266034e-4,NA,0.010596971979075522,NA,0.986398600365201
BTS_fall_allbox_effic1,66,Blue_whiting,sizebin4,10000000,NA,0.004978663354722454,NA,NA,NA,NA,NA,1.8997289991012637e-4,NA,0.019229935534255754,NA,0.9756014282111116
BTS_fall_allbox_effic1,66,Blue_whiting,sizebin5,10000000,NA,0.00483331533957206,NA,NA,NA,NA,NA,1.9683871156057556e-4,NA,0.01978880953819695,NA,0.9751810364106704
BTS_fall_allbox_effic1,67,Blue_whiting,sizebin2,10000000,NA,NA,NA,NA,NA,NA,NA,1.227837790764433e-6,NA,NA,NA,0.9999987721622092
BTS_fall_allbox_effic1,67,Blue_whiting,sizebin3,10000000,NA,0.0038612640029461413,NA,NA,NA,NA,NA,1.1415410501134674e-4,NA,0.012986753769195334,NA,0.9830378281228471
BTS_fall_allbox_effic1,67,Blue_whiting,sizebin4,10000000,NA,0.006625848913701161,NA,NA,NA,NA,NA,2.0781921666498487e-4,NA,0.023552350040264538,NA,0.9696139818293693
BTS_fall_allbox_effic1,67,Blue_whiting,sizebin5,10000000,NA,0.006425811105528384,NA,NA,NA,NA,NA,2.1564244311256622e-4,NA,0.024205939132890576,NA,0.9691526073184684
BTS_fall_allbox_effic1,68,Blue_whiting,sizebin3,10000000,NA,0.004193021276465979,NA,NA,NA,NA,NA,1.5238382033389e-4,NA,0.011208561721808874,NA,0.9844460331813912
BTS_fall_allbox_effic1,68,Blue_whiting,sizebin4,10000000,NA,0.0072344889224175545,NA,NA,NA,NA,NA,2.809998808515484e-4,NA,0.02039398781397011,NA,0.9720905233827608
BTS_fall_allbox_effic1,68,Blue_whiting,sizebin5,10000000,NA,0.007056087562222193,NA,NA,NA,NA,NA,2.943370561015843e-4,NA,0.021035412085983255,NA,0.971614163295693
BTS_fall_allbox_effic1,69,Blue_whiting,sizebin2,10000000,NA,NA,NA,NA,NA,NA,NA,1.9136132175469704e-6,NA,NA,NA,0.9999980863867824
BTS_fall_allbox_effic1,69,Blue_whiting,sizebin3,10000000,NA,0.003141082096541532,NA,NA,NA,NA,NA,1.7955662654172542e-4,NA,0.010890204916066579,NA,0.9857891563608502
BTS_fall_allbox_effic1,69,Blue_whiting,sizebin4,10000000,NA,0.0053887670220809465,NA,NA,NA,NA,NA,3.790476641878879e-4,NA,0.019736941768044924,NA,0.9744952435456863
BTS_fall_allbox_effic1,69,Blue_whiting,sizebin5,10000000,NA,0.005230770776649033,NA,NA,NA,NA,NA,4.624180775938831e-4,NA,0.020314770093099864,NA,0.9739920410526572
BTS_fall_allbox_effic1,70,Blue_whiting,sizebin2,10000000,NA,NA,NA,NA,NA,NA,NA,2.075808053272631e-6,NA,NA,NA,0.9999979241919468
BTS_fall_allbox_effic1,70,Blue_whiting,sizebin3,10000000,NA,0.005225787703745769,NA,NA,NA,NA,NA,1.4858525937274584e-4,NA,0.01105880442216392,NA,0.9835668226147176
BTS_fall_allbox_effic1,70,Blue_whiting,sizebin4,10000000,NA,0.008981671457130795,NA,NA,NA,NA,NA,2.726097703598981e-4,NA,0.020063832880126108,NA,0.9706818858923832
BTS_fall_allbox_effic1,70,Blue_whiting,sizebin5,10000000,NA,0.008735427446175819,NA,NA,NA,NA,NA,2.8475444244917535e-4,NA,0.020648861317342865,NA,0.9703309567940321
BTS_fall_allbox_effic1,71,Blue_whiting,sizebin3,10000000,NA,0.00486247328042687,NA,NA,NA,NA,NA,1.8693434061418327e-4,NA,0.014659902162419441,NA,0.9802906902165395
BTS_fall_allbox_effic1,71,Blue_whiting,sizebin4,10000000,NA,0.008351700628226657,NA,NA,NA,NA,NA,3.88866318548888e-4,NA,0.026524195202417944,NA,0.9647352378508065
BTS_fall_allbox_effic1,71,Blue_whiting,sizebin5,10000000,NA,0.00811794608310323,NA,NA,NA,NA,NA,4.642566012779929e-4,NA,0.027219323349616527,NA,0.9641984739660022
BTS_fall_allbox_effic1,72,Blue_whiting,sizebin2,10000000,NA,NA,NA,NA,NA,NA,NA,1.937103908202669e-6,NA,NA,NA,0.9999980628960918
BTS_fall_allbox_effic1,72,Blue_whiting,sizebin3,10000000,NA,0.0031806681120497998,NA,NA,NA,NA,NA,1.1220970401584072e-4,NA,0.014161416407617053,NA,0.9825457057763173
BTS_fall_allbox_effic1,72,Blue_whiting,sizebin4,10000000,NA,0.005502880442435054,NA,NA,NA,NA,NA,2.0508496080325056e-4,NA,0.02572855259640227,NA,0.9685634820003595
BTS_fall_allbox_effic1,72,Blue_whiting,sizebin5,10000000,NA,0.005352598059600057,NA,NA,NA,NA,NA,2.1268681523240674e-4,NA,0.02633702541552916,NA,0.9680976897096384
BTS_fall_allbox_effic1,73,Blue_whiting,sizebin2,10000000,NA,NA,NA,NA,NA,NA,NA,1.6304305640648054e-6,NA,NA,NA,0.9999983695694359
BTS_fall_allbox_effic1,73,Blue_whiting,sizebin3,10000000,NA,0.004277299313419353,NA,NA,NA,NA,NA,1.0985263629409367e-4,NA,0.013347070949350491,NA,0.9822657771009361
BTS_fall_allbox_effic1,73,Blue_whiting,sizebin4,10000000,NA,0.007431770903971503,NA,NA,NA,NA,NA,2.0280427421017817e-4,NA,0.02434834623373007,NA,0.9680170785880883
BTS_fall_allbox_effic1,73,Blue_whiting,sizebin5,10000000,NA,0.007239139373248181,NA,NA,NA,NA,NA,2.1166178817902596e-4,NA,0.024980338582889786,NA,0.967568860255683
BTS_fall_allbox_effic1,74,Blue_whiting,sizebin2,10000000,NA,NA,NA,NA,NA,NA,NA,1.97857000708255e-6,NA,NA,NA,0.999998021429993
BTS_fall_allbox_effic1,74,Blue_whiting,sizebin3,10000000,NA,0.005796023699367227,NA,NA,NA,NA,NA,9.813644834966715e-5,NA,0.012398841400644463,NA,0.9817069984516387
BTS_fall_allbox_effic1,74,Blue_whiting,sizebin4,10000000,NA,0.01017960794761766,NA,NA,NA,NA,NA,1.7813286901306776e-4,NA,0.022797010686292044,NA,0.9668452484970772
BTS_fall_allbox_effic1,74,Blue_whiting,sizebin5,10000000,NA,0.009917707858912484,NA,NA,NA,NA,NA,1.8151087995110993e-4,NA,0.023339368282489347,NA,0.9665614129786471
